   0.25  0.308  5.46E-01 2.18E+00 2.18E+00 9.64E-01 1.06E+00 2.40E-01 1.67E-02 3.94E-04 3.24E-06 9.50E-09 1.00E-11 3.80E-15 5.24E-19 0.00E+00 0.00E+00 0.00E+00 0.00E+00 0.00E+00 0.00E+00 0.00E+00 0.00E+00 0.00E+00 0.00E+00 0.00E+00 0.00E+00 0.00E+00 0.00E+00 0.00E+00 0.00E+00 0.00E+00 0.00E+00 0.00E+00 0.00E+00 
   0.50  0.331  1.26E+00 2.87E+00 2.87E+00 1.26E+00 1.40E+00 3.15E-01 2.19E-02 5.17E-04 4.26E-06 1.25E-08 1.31E-11 4.99E-15 6.88E-19 0.00E+00 0.00E+00 0.00E+00 0.00E+00 0.00E+00 0.00E+00 0.00E+00 0.00E+00 0.00E+00 0.00E+00 0.00E+00 0.00E+00 0.00E+00 0.00E+00 0.00E+00 0.00E+00 0.00E+00 0.00E+00 0.00E+00 0.00E+00 
   0.75  0.351  2.20E+00 3.76E+00 3.76E+00 1.66E+00 1.83E+00 4.13E-01 2.88E-02 6.78E-04 5.58E-06 1.64E-08 1.72E-11 6.54E-15 9.03E-19 0.00E+00 0.00E+00 0.00E+00 0.00E+00 0.00E+00 0.00E+00 0.00E+00 0.00E+00 0.00E+00 0.00E+00 0.00E+00 0.00E+00 0.00E+00 0.00E+00 0.00E+00 0.00E+00 0.00E+00 0.00E+00 0.00E+00 0.00E+00 
   1.00  0.369  3.44E+00 4.94E+00 4.94E+00 2.18E+00 2.40E+00 5.42E-01 3.78E-02 8.90E-04 7.33E-06 2.15E-08 2.26E-11 8.59E-15 1.18E-18 0.00E+00 0.00E+00 0.00E+00 0.00E+00 0.00E+00 0.00E+00 0.00E+00 0.00E+00 0.00E+00 0.00E+00 0.00E+00 0.00E+00 0.00E+00 0.00E+00 0.00E+00 0.00E+00 0.00E+00 0.00E+00 0.00E+00 0.00E+00 
   1.25  0.385  5.06E+00 6.48E+00 6.48E+00 2.86E+00 3.15E+00 7.11E-01 4.96E-02 1.17E-03 9.62E-06 2.82E-08 2.96E-11 1.13E-14 1.55E-18 0.00E+00 0.00E+00 0.00E+00 0.00E+00 0.00E+00 0.00E+00 0.00E+00 0.00E+00 0.00E+00 0.00E+00 0.00E+00 0.00E+00 0.00E+00 0.00E+00 0.00E+00 0.00E+00 0.00E+00 0.00E+00 0.00E+00 0.00E+00 
   1.50  0.399  7.18E+00 8.50E+00 8.50E+00 1.12E+00 2.56E+00 2.47E+00 1.52E+00 6.55E-01 2.04E-01 4.66E-02 7.91E-03 1.00E-03 9.54E-05 6.83E-06 3.68E-07 1.50E-08 4.60E-10 1.07E-11 1.89E-13 2.51E-15 2.54E-17 1.94E-19 0.00E+00 0.00E+00 0.00E+00 0.00E+00 0.00E+00 0.00E+00 0.00E+00 0.00E+00 0.00E+00 0.00E+00 0.00E+00 
   1.75  0.413  9.97E+00 1.12E+01 1.12E+01 1.03E+00 2.56E+00 2.92E+00 2.32E+00 1.40E+00 6.64E-01 2.52E-01 7.75E-02 1.93E-02 3.94E-03 6.58E-04 9.00E-05 1.01E-05 9.34E-07 7.11E-08 4.45E-09 2.30E-10 9.80E-12 3.44E-13 9.99E-15 2.39E-16 4.73E-18 0.00E+00 0.00E+00 0.00E+00 0.00E+00 0.00E+00 0.00E+00 0.00E+00 0.00E+00 
   2.00  0.426  1.36E+01 1.46E+01 1.46E+01 1.15E+00 2.94E+00 3.56E+00 3.08E+00 2.08E+00 1.14E+00 5.15E-01 1.93E-01 6.07E-02 1.60E-02 3.56E-03 6.68E-04 1.06E-04 1.42E-05 1.61E-06 1.56E-07 1.27E-08 8.82E-10 5.20E-11 2.60E-12 1.10E-13 3.99E-15 1.22E-16 3.20E-18 0.00E+00 0.00E+00 0.00E+00 0.00E+00 0.00E+00 0.00E+00 
   2.25  0.438  1.84E+01 1.92E+01 1.92E+01 1.36E+00 3.53E+00 4.41E+00 4.01E+00 2.89E+00 1.72E+00 8.57E-01 3.60E-01 1.29E-01 3.94E-02 1.03E-02 2.31E-03 4.46E-04 7.40E-05 1.06E-05 1.30E-06 1.38E-07 1.26E-08 9.97E-10 6.80E-11 4.00E-12 2.04E-13 8.94E-15 3.40E-16 1.11E-17 3.16E-19 0.00E+00 0.00E+00 0.00E+00 0.00E+00 
   2.50  0.453  2.47E+01 2.52E+01 2.52E+01 1.65E+00 4.33E+00 5.53E+00 5.20E+00 3.92E+00 2.46E+00 1.31E+00 5.96E-01 2.33E-01 7.85E-02 2.29E-02 5.81E-03 1.28E-03 2.45E-04 4.08E-05 5.93E-06 7.50E-07 8.28E-08 7.98E-09 6.71E-10 4.92E-11 3.16E-12 1.77E-13 8.65E-15 3.70E-16 1.38E-17 4.51E-19 0.00E+00 0.00E+00 0.00E+00 
   2.75  0.481  3.30E+01 3.31E+01 3.31E+01 2.03E+00 5.38E+00 6.99E+00 6.73E+00 5.25E+00 3.43E+00 1.92E+00 9.23E-01 3.85E-01 1.40E-01 4.43E-02 1.23E-02 2.98E-03 6.35E-04 1.19E-04 1.95E-05 2.81E-06 3.57E-07 3.98E-08 3.91E-09 3.38E-10 2.57E-11 1.72E-12 1.02E-13 5.29E-15 2.43E-16 9.79E-18 3.49E-19 0.00E+00 0.00E+00 
   3.00  0.512  4.38E+01 4.34E+01 4.34E+01 2.53E+00 6.75E+00 8.88E+00 8.71E+00 6.97E+00 4.71E+00 2.73E+00 1.38E+00 6.04E-01 2.33E-01 7.86E-02 2.34E-02 6.13E-03 1.42E-03 2.90E-04 5.24E-05 8.37E-06 1.18E-06 1.48E-07 1.64E-08 1.62E-09 1.41E-10 1.09E-11 7.43E-13 4.51E-14 2.42E-15 1.16E-16 4.89E-18 0.00E+00 0.00E+00 
   3.25  0.542  5.81E+01 5.69E+01 5.69E+01 3.18E+00 8.52E+00 1.13E+01 1.13E+01 9.22E+00 6.40E+00 3.83E+00 2.00E+00 9.16E-01 3.69E-01 1.31E-01 4.14E-02 1.16E-02 2.86E-03 6.29E-04 1.23E-04 2.14E-05 3.30E-06 4.54E-07 5.56E-08 6.07E-09 5.90E-10 5.10E-11 3.94E-12 2.71E-13 1.66E-14 9.06E-16 4.42E-17 1.92E-18 0.00E+00 
   3.50  0.570  7.68E+01 7.47E+01 7.47E+01 4.01E+00 1.08E+01 1.45E+01 1.46E+01 1.22E+01 8.62E+00 5.30E+00 2.85E+00 1.35E+00 5.67E-01 2.11E-01 6.97E-02 2.05E-02 5.38E-03 1.26E-03 2.62E-04 4.89E-05 8.14E-06 1.21E-06 1.61E-07 1.92E-08 2.04E-09 1.95E-10 1.66E-11 1.27E-12 8.67E-14 5.31E-15 2.91E-16 1.43E-17 0.00E+00 
   3.75  0.598  1.01E+02 9.81E+01 9.81E+01 5.09E+00 1.37E+01 1.86E+01 1.90E+01 1.60E+01 1.16E+01 7.27E+00 4.02E+00 1.96E+00 8.51E-01 3.29E-01 1.13E-01 3.48E-02 9.58E-03 2.36E-03 5.21E-04 1.03E-04 1.83E-05 2.91E-06 4.16E-07 5.33E-08 6.14E-09 6.36E-10 5.91E-11 4.94E-12 3.71E-13 2.50E-14 1.52E-15 8.26E-17 4.05E-18 
   4.00  0.624  1.33E+02 1.29E+02 1.29E+02 6.47E+00 1.75E+01 2.38E+01 2.46E+01 2.10E+01 1.54E+01 9.90E+00 5.60E+00 2.81E+00 1.25E+00 5.00E-01 1.78E-01 5.71E-02 1.64E-02 4.22E-03 9.79E-04 2.04E-04 3.83E-05 6.46E-06 9.81E-07 1.34E-07 1.66E-08 1.84E-09 1.85E-10 1.67E-11 1.36E-12 9.96E-14 6.59E-15 3.94E-16 2.12E-17 
   4.25  0.649  1.76E+02 1.69E+02 1.69E+02 8.26E+00 2.24E+01 3.07E+01 3.19E+01 2.76E+01 2.06E+01 1.34E+01 7.74E+00 3.97E+00 1.82E+00 7.47E-01 2.75E-01 9.11E-02 2.71E-02 7.28E-03 1.76E-03 3.84E-04 7.57E-05 1.35E-05 2.16E-06 3.13E-07 4.10E-08 4.85E-09 5.19E-10 5.02E-11 4.40E-12 3.48E-13 2.49E-14 1.61E-15 9.42E-17 
   4.50  0.674  2.31E+02 2.22E+02 2.22E+02 1.06E+01 2.88E+01 3.95E+01 4.14E+01 3.62E+01 2.73E+01 1.81E+01 1.06E+01 5.57E+00 2.61E+00 1.10E+00 4.16E-01 1.42E-01 4.38E-02 1.22E-02 3.06E-03 6.96E-04 1.43E-04 2.66E-05 4.49E-06 6.85E-07 9.46E-08 1.19E-08 1.35E-09 1.38E-10 1.29E-11 1.09E-12 8.36E-14 5.81E-15 3.66E-16 
   4.75  0.698  3.04E+02 2.91E+02 2.91E+02 1.35E+01 3.70E+01 5.10E+01 5.38E+01 4.75E+01 3.62E+01 2.43E+01 1.45E+01 7.75E+00 3.71E+00 1.60E+00 6.21E-01 2.18E-01 6.92E-02 1.99E-02 5.17E-03 1.22E-03 2.61E-04 5.06E-05 8.90E-06 1.42E-06 2.06E-07 2.72E-08 3.25E-09 3.53E-10 3.49E-11 3.13E-12 2.56E-13 1.89E-14 1.28E-15 
   5.00  0.721  3.99E+02 3.82E+02 3.82E+02 1.74E+01 4.75E+01 6.59E+01 7.00E+01 6.22E+01 4.80E+01 3.26E+01 1.98E+01 1.07E+01 5.23E+00 2.30E+00 9.15E-01 3.29E-01 1.07E-01 3.17E-02 8.52E-03 2.08E-03 4.60E-04 9.27E-05 1.70E-05 2.83E-06 4.29E-07 5.91E-08 7.42E-09 8.48E-10 8.83E-11 8.36E-12 7.22E-13 5.67E-14 4.06E-15 
   5.50  0.765  7.28E+02 6.57E+02 6.57E+02 2.87E+01 7.89E+01 1.10E+02 1.18E+02 1.07E+02 8.39E+01 5.83E+01 3.62E+01 2.02E+01 1.02E+01 4.65E+00 1.93E+00 7.24E-01 2.48E-01 7.71E-02 2.19E-02 5.65E-03 1.33E-03 2.87E-04 5.62E-05 1.01E-05 1.65E-06 2.47E-07 3.37E-08 4.20E-09 4.79E-10 4.99E-11 4.75E-12 4.14E-13 3.29E-14 
   6.00  0.808  1.29E+03 1.13E+03 1.13E+03 4.78E+01 1.32E+02 1.85E+02 2.00E+02 1.83E+02 1.46E+02 1.03E+02 6.57E+01 3.76E+01 1.95E+01 9.18E+00 3.93E+00 1.53E+00 5.46E-01 1.78E-01 5.28E-02 1.43E-02 3.56E-03 8.11E-04 1.69E-04 3.22E-05 5.63E-06 9.01E-07 1.32E-07 1.78E-08 2.19E-09 2.47E-10 2.56E-11 2.43E-12 2.12E-13 
   6.50  0.848  2.27E+03 1.95E+03 1.95E+03 7.97E+01 2.20E+02 3.11E+02 3.40E+02 3.14E+02 2.54E+02 1.83E+02 1.18E+02 6.91E+01 3.67E+01 1.78E+01 7.84E+00 3.16E+00 1.16E+00 3.93E-01 1.22E-01 3.45E-02 8.99E-03 2.15E-03 4.70E-04 9.47E-05 1.75E-05 2.97E-06 4.64E-07 6.65E-08 8.77E-09 1.06E-09 1.18E-10 1.21E-11 1.14E-12 
   7.00  0.887  3.94E+03 3.35E+03 3.35E+03 1.33E+02 3.69E+02 5.24E+02 5.76E+02 5.38E+02 4.40E+02 3.21E+02 2.11E+02 1.26E+02 6.84E+01 3.39E+01 1.53E+01 6.36E+00 2.42E+00 8.44E-01 2.71E-01 7.98E-02 2.16E-02 5.39E-03 1.24E-03 2.61E-04 5.07E-05 9.07E-06 1.49E-06 2.27E-07 3.17E-08 4.09E-09 4.86E-10 5.32E-11 5.37E-12 
   7.50  0.925  6.83E+03 5.78E+03 5.78E+03 2.24E+02 6.20E+02 8.84E+02 9.79E+02 9.21E+02 7.61E+02 5.63E+02 3.76E+02 2.28E+02 1.26E+02 6.38E+01 2.96E+01 1.26E+01 4.92E+00 1.77E+00 5.85E-01 1.78E-01 5.01E-02 1.30E-02 3.09E-03 6.81E-04 1.38E-04 2.59E-05 4.49E-06 7.17E-07 1.06E-07 1.44E-08 1.81E-09 2.10E-10 2.25E-11 
   8.00  0.961  1.18E+04 9.95E+03 9.95E+03 3.76E+02 1.04E+03 1.49E+03 1.66E+03 1.58E+03 1.32E+03 9.85E+02 6.66E+02 4.10E+02 2.31E+02 1.19E+02 5.63E+01 2.45E+01 9.82E+00 3.62E+00 1.23E+00 3.88E-01 1.12E-01 3.01E-02 7.45E-03 1.70E-03 3.60E-04 7.04E-05 1.27E-05 2.13E-06 3.29E-07 4.70E-08 6.22E-09 7.62E-10 8.64E-11 
   8.50  0.995  2.04E+04 1.71E+04 1.71E+04 6.33E+02 1.76E+03 2.53E+03 2.83E+03 2.70E+03 2.27E+03 1.72E+03 1.18E+03 7.34E+02 4.20E+02 2.20E+02 1.06E+02 4.72E+01 1.93E+01 7.31E+00 2.55E+00 8.24E-01 2.46E-01 6.80E-02 1.74E-02 4.11E-03 9.01E-04 1.83E-04 3.44E-05 5.99E-06 9.67E-07 1.45E-07 2.00E-08 2.58E-09 3.07E-10 
   9.00  1.029  3.51E+04 2.95E+04 2.95E+04 1.07E+03 2.98E+03 4.28E+03 4.82E+03 4.63E+03 3.93E+03 2.99E+03 2.07E+03 1.31E+03 7.59E+02 4.04E+02 1.98E+02 8.98E+01 3.76E+01 1.45E+01 5.19E+00 1.72E+00 5.27E-01 1.50E-01 3.95E-02 9.63E-03 2.18E-03 4.58E-04 8.93E-05 1.61E-05 2.71E-06 4.22E-07 6.10E-08 8.19E-09 1.02E-09 
   9.50  1.061  6.05E+04 5.08E+04 5.08E+04 1.80E+03 5.03E+03 7.27E+03 8.21E+03 7.93E+03 6.77E+03 5.21E+03 3.64E+03 2.33E+03 1.37E+03 7.39E+02 3.68E+02 1.70E+02 7.23E+01 2.85E+01 1.04E+01 3.53E+00 1.11E+00 3.23E-01 8.75E-02 2.20E-02 5.13E-03 1.11E-03 2.24E-04 4.19E-05 7.29E-06 1.18E-06 1.77E-07 2.48E-08 3.22E-09 
  10.00  1.093  1.04E+05 8.75E+04 8.75E+04 3.04E+03 8.51E+03 1.23E+04 1.40E+04 1.36E+04 1.17E+04 9.06E+03 6.39E+03 4.13E+03 2.45E+03 1.34E+03 6.79E+02 3.18E+02 1.38E+02 5.54E+01 2.06E+01 7.14E+00 2.29E+00 6.85E-01 1.90E-01 4.91E-02 1.18E-02 2.63E-03 5.46E-04 1.05E-04 1.90E-05 3.17E-06 4.94E-07 7.17E-08 9.68E-09 
  11.00  1.153  3.64E+05 2.59E+05 2.59E+05 8.73E+03 2.45E+04 3.56E+04 4.07E+04 3.98E+04 3.47E+04 2.73E+04 1.96E+04 1.29E+04 7.82E+03 4.39E+03 2.28E+03 1.10E+03 4.90E+02 2.03E+02 7.86E+01 2.82E+01 9.45E+00 2.94E+00 8.55E-01 2.31E-01 5.83E-02 1.37E-02 3.01E-03 6.15E-04 1.17E-04 2.09E-05 3.47E-06 5.37E-07 7.77E-08 
  12.00  1.209  1.13E+06 7.69E+05 7.69E+05 2.51E+04 7.05E+04 1.03E+05 1.18E+05 1.17E+05 1.03E+05 8.19E+04 5.96E+04 3.99E+04 2.47E+04 1.41E+04 7.50E+03 3.70E+03 1.70E+03 7.27E+02 2.89E+02 1.08E+02 3.73E+01 1.20E+01 3.64E+00 1.03E+00 2.70E-01 6.65E-02 1.53E-02 3.28E-03 6.60E-04 1.24E-04 2.17E-05 3.57E-06 5.48E-07 
  13.00  1.263  3.41E+06 2.28E+06 2.28E+06 7.24E+04 2.04E+05 2.99E+05 3.45E+05 3.44E+05 3.05E+05 2.45E+05 1.81E+05 1.23E+05 7.73E+04 4.50E+04 2.44E+04 1.23E+04 5.79E+03 2.54E+03 1.04E+03 3.97E+02 1.42E+02 4.75E+01 1.48E+01 4.34E+00 1.19E+00 3.04E-01 7.29E-02 1.64E-02 3.44E-03 6.77E-04 1.25E-04 2.16E-05 3.49E-06 
  14.00  1.314  1.02E+07 6.76E+06 6.76E+06 2.09E+05 5.90E+05 8.67E+05 1.01E+06 1.01E+06 9.03E+05 7.34E+05 5.48E+05 3.77E+05 2.40E+05 1.42E+05 7.85E+04 4.04E+04 1.94E+04 8.70E+03 3.65E+03 1.43E+03 5.27E+02 1.81E+02 5.84E+01 1.76E+01 5.00E+00 1.33E+00 3.30E-01 7.71E-02 1.69E-02 3.47E-03 6.68E-04 1.21E-04 2.05E-05 
  15.00  1.363  3.02E+07 2.01E+07 2.01E+07 6.06E+05 1.71E+06 2.52E+06 2.94E+06 2.97E+06 2.67E+06 2.19E+06 1.65E+06 1.15E+06 7.43E+05 4.47E+05 2.51E+05 1.31E+05 6.42E+04 2.94E+04 1.26E+04 5.07E+03 1.91E+03 6.74E+02 2.24E+02 6.95E+01 2.03E+01 5.57E+00 1.43E+00 3.47E-01 7.87E-02 1.68E-02 3.37E-03 6.35E-04 1.12E-04 
  16.00  1.410  8.97E+07 5.95E+07 5.95E+07 1.76E+06 4.97E+06 7.35E+06 8.61E+06 8.72E+06 7.91E+06 6.54E+06 4.97E+06 3.50E+06 2.29E+06 1.39E+06 7.94E+05 4.22E+05 2.10E+05 9.81E+04 4.29E+04 1.76E+04 6.79E+03 2.46E+03 8.35E+02 2.67E+02 8.01E+01 2.26E+01 6.01E+00 1.50E+00 3.52E-01 7.78E-02 1.62E-02 3.16E-03 5.82E-04 
  17.00  1.455  2.66E+08 1.76E+08 1.76E+08 5.11E+06 1.44E+07 2.14E+07 2.52E+07 2.56E+07 2.34E+07 1.95E+07 1.50E+07 1.06E+07 7.03E+06 4.33E+06 2.50E+06 1.35E+06 6.82E+05 3.24E+05 1.44E+05 6.04E+04 2.38E+04 8.79E+03 3.06E+03 1.00E+03 3.08E+02 8.94E+01 2.44E+01 6.28E+00 1.52E+00 3.47E-01 7.44E-02 1.51E-02 2.87E-03 
  18.00  1.498  7.89E+08 5.23E+08 5.23E+08 1.48E+07 4.21E+07 6.25E+07 7.37E+07 7.54E+07 6.92E+07 5.81E+07 4.49E+07 3.22E+07 2.15E+07 1.34E+07 7.82E+06 4.28E+06 2.20E+06 1.06E+06 4.80E+05 2.05E+05 8.20E+04 3.10E+04 1.10E+04 3.68E+03 1.16E+03 3.45E+02 9.67E+01 2.55E+01 6.36E+00 1.49E+00 3.31E-01 6.90E-02 1.36E-02 
  19.00  1.540  2.34E+09 1.55E+09 1.55E+09 4.32E+07 1.23E+08 1.83E+08 2.16E+08 2.22E+08 2.05E+08 1.73E+08 1.35E+08 9.73E+07 6.56E+07 4.13E+07 2.44E+07 1.35E+07 7.03E+06 3.44E+06 1.58E+06 6.86E+05 2.80E+05 1.08E+05 3.90E+04 1.33E+04 4.30E+03 1.31E+03 3.75E+02 1.01E+02 2.59E+01 6.25E+00 1.42E+00 3.06E-01 6.21E-02 
  20.00  1.580  6.94E+09 4.60E+09 4.60E+09 1.26E+08 3.58E+08 5.34E+08 6.33E+08 6.53E+08 6.06E+08 5.14E+08 4.03E+08 2.93E+08 2.00E+08 1.27E+08 7.58E+07 4.24E+07 2.24E+07 1.11E+07 5.18E+06 2.28E+06 9.45E+05 3.70E+05 1.36E+05 4.75E+04 1.56E+04 4.85E+03 1.42E+03 3.94E+02 1.03E+02 2.55E+01 5.96E+00 1.32E+00 2.75E-01 
  22.50  1.676  1.81E+11 6.96E+10 6.96E+10 1.84E+09 5.22E+09 7.83E+09 9.34E+09 9.71E+09 9.10E+09 7.82E+09 6.23E+09 4.61E+09 3.20E+09 2.08E+09 1.27E+09 7.30E+08 3.95E+08 2.02E+08 9.73E+07 4.43E+07 1.91E+07 7.75E+06 2.98E+06 1.08E+06 3.72E+05 1.21E+05 3.73E+04 1.09E+04 3.00E+03 7.85E+02 1.94E+02 4.55E+01 1.01E+01 
  25.00  1.765  2.82E+12 1.05E+12 1.05E+12 2.68E+10 7.65E+10 1.15E+11 1.38E+11 1.45E+11 1.37E+11 1.19E+11 9.58E+10 7.21E+10 5.08E+10 3.36E+10 2.09E+10 1.23E+10 6.82E+09 3.57E+09 1.77E+09 8.30E+08 3.68E+08 1.55E+08 6.15E+07 2.32E+07 8.29E+06 2.81E+06 9.02E+05 2.75E+05 7.94E+04 2.18E+04 5.65E+03 1.39E+03 3.26E+02 
  30.00  1.928  1.21E+15 2.42E+14 2.42E+14 5.80E+12 1.66E+13 2.51E+13 3.04E+13 3.22E+13 3.09E+13 2.73E+13 2.25E+13 1.73E+13 1.25E+13 8.55E+12 5.51E+12 3.35E+12 1.93E+12 1.06E+12 5.47E+11 2.69E+11 1.26E+11 5.56E+10 2.34E+10 9.38E+09 3.57E+09 1.29E+09 4.44E+08 1.45E+08 4.52E+07 1.34E+07 3.77E+06 1.01E+06 2.58E+05 
  40.00  2.211  1.90E+20 1.27E+19 1.27E+19 2.78E+17 7.97E+17 1.22E+18 1.49E+18 1.61E+18 1.58E+18 1.43E+18 1.22E+18 9.69E+17 7.29E+17 5.19E+17 3.50E+17 2.25E+17 1.37E+17 7.95E+16 4.39E+16 2.31E+16 1.16E+16 5.57E+15 2.55E+15 1.11E+15 4.62E+14 1.84E+14 6.99E+13 2.53E+13 8.79E+12 2.91E+12 9.21E+11 2.79E+11 8.06E+10 
  50.00  2.456  6.67E+24 6.67E+23 6.67E+23 1.36E+22 3.91E+22 6.01E+22 7.44E+22 8.12E+22 8.09E+22 7.48E+22 6.48E+22 5.29E+22 4.09E+22 3.00E+22 2.10E+22 1.39E+22 8.85E+21 5.36E+21 3.10E+21 1.71E+21 9.07E+20 4.59E+20 2.22E+20 1.03E+20 4.58E+19 1.95E+19 7.93E+18 3.10E+18 1.16E+18 4.15E+17 1.43E+17 4.70E+16 1.49E+16 
  60.00  2.677  3.51E+29 3.51E+28 3.51E+28 6.74E+26 1.94E+27 3.00E+27 3.74E+27 4.12E+27 4.15E+27 3.89E+27 3.43E+27 2.85E+27 2.25E+27 1.69E+27 1.21E+27 8.29E+26 5.42E+26 3.39E+26 2.03E+26 1.17E+26 6.41E+25 3.38E+25 1.71E+25 8.32E+24 3.88E+24 1.74E+24 7.46E+23 3.08E+23 1.22E+23 4.65E+22 1.70E+22 5.98E+21 2.02E+21 
  70.00  2.880  1.84E+34 1.84E+33 1.84E+33 3.37E+31 9.75E+31 1.51E+32 1.89E+32 2.10E+32 2.14E+32 2.03E+32 1.81E+32 1.53E+32 1.22E+32 9.38E+31 6.85E+31 4.79E+31 3.21E+31 2.06E+31 1.27E+31 7.50E+30 4.26E+30 2.32E+30 1.22E+30 6.14E+29 2.98E+29 1.39E+29 6.22E+28 2.69E+28 1.12E+28 4.46E+27 1.71E+27 6.35E+26 2.26E+26 
  80.00  3.071  9.68E+38 9.68E+37 9.68E+37 1.70E+36 4.92E+36 7.64E+36 9.62E+36 1.07E+37 1.10E+37 1.05E+37 9.50E+36 8.12E+36 6.61E+36 5.14E+36 3.82E+36 2.72E+36 1.86E+36 1.22E+36 7.68E+35 4.65E+35 2.71E+35 1.52E+35 8.21E+34 4.26E+34 2.13E+34 1.03E+34 4.78E+33 2.14E+33 9.23E+32 3.84E+32 1.54E+32 5.95E+31 2.22E+31 
  90.00  3.252  5.09E+43 5.09E+42 5.09E+42 8.60E+40 2.49E+41 3.88E+41 4.91E+41 5.51E+41 5.68E+41 5.48E+41 4.99E+41 4.31E+41 3.55E+41 2.79E+41 2.11E+41 1.52E+41 1.06E+41 7.07E+40 4.54E+40 2.81E+40 1.67E+40 9.60E+39 5.31E+39 2.83E+39 1.46E+39 7.22E+38 3.46E+38 1.60E+38 7.11E+37 3.06E+37 1.27E+37 5.09E+36 1.97E+36 
 100.00  3.425  2.67E+48 2.67E+47 2.67E+47 4.37E+45 1.27E+46 1.98E+46 2.51E+46 2.83E+46 2.94E+46 2.85E+46 2.62E+46 2.28E+46 1.90E+46 1.51E+46 1.15E+46 8.45E+45 5.95E+45 4.04E+45 2.64E+45 1.66E+45 1.01E+45 5.90E+44 3.34E+44 1.82E+44 9.58E+43 4.87E+43 2.39E+43 1.13E+43 5.19E+42 2.30E+42 9.83E+41 4.06E+41 1.62E+41 
 110.00  3.593  1.41E+53 1.41E+52 1.41E+52 2.23E+50 6.48E+50 1.01E+51 1.29E+51 1.46E+51 1.52E+51 1.48E+51 1.37E+51 1.20E+51 1.01E+51 8.12E+50 6.27E+50 4.65E+50 3.32E+50 2.28E+50 1.51E+50 9.67E+49 5.97E+49 3.56E+49 2.05E+49 1.14E+49 6.12E+48 3.18E+48 1.59E+48 7.74E+47 3.63E+47 1.65E+47 7.25E+46 3.08E+46 1.27E+46 
 120.00  3.755  7.39E+57 7.39E+56 7.39E+56 1.14E+55 3.31E+55 5.19E+55 6.62E+55 7.52E+55 7.88E+55 7.73E+55 7.18E+55 6.35E+55 5.37E+55 4.35E+55 3.39E+55 2.54E+55 1.83E+55 1.28E+55 8.58E+54 5.56E+54 3.48E+54 2.11E+54 1.23E+54 6.98E+53 3.82E+53 2.02E+53 1.03E+53 5.13E+52 2.46E+52 1.14E+52 5.14E+51 2.24E+51 9.42E+50 
 130.00  3.913  3.88E+62 3.88E+61 3.88E+61 5.84E+59 1.70E+60 2.67E+60 3.41E+60 3.89E+60 4.08E+60 4.03E+60 3.76E+60 3.35E+60 2.85E+60 2.33E+60 1.83E+60 1.38E+60 1.01E+60 7.10E+59 4.82E+59 3.17E+59 2.01E+59 1.23E+59 7.32E+58 4.21E+58 2.34E+58 1.26E+58 6.56E+57 3.31E+57 1.62E+57 7.68E+56 3.52E+56 1.57E+56 6.76E+55 
 140.00  4.069  2.04E+67 2.04E+66 2.04E+66 3.00E+64 8.73E+64 1.37E+65 1.76E+65 2.01E+65 2.12E+65 2.10E+65 1.97E+65 1.76E+65 1.51E+65 1.24E+65 9.83E+64 7.50E+64 5.52E+64 3.92E+64 2.69E+64 1.79E+64 1.15E+64 7.13E+63 4.29E+63 2.50E+63 1.41E+63 7.71E+62 4.09E+62 2.10E+62 1.04E+62 5.04E+61 2.36E+61 1.07E+61 4.70E+60 
 150.00  4.221  1.07E+72 1.07E+71 1.07E+71 1.54E+69 4.49E+69 7.07E+69 9.08E+69 1.04E+70 1.10E+70 1.09E+70 1.03E+70 9.27E+69 7.99E+69 6.61E+69 5.27E+69 4.05E+69 3.01E+69 2.16E+69 1.49E+69 1.00E+69 6.50E+68 4.09E+68 2.49E+68 1.47E+68 8.40E+67 4.66E+67 2.50E+67 1.31E+67 6.60E+66 3.24E+66 1.54E+66 7.11E+65 3.18E+65 
