 0.0025E-03 
 0.0325E-03
 0.035E-03  
 0.038E-03 
 0.042E-03  
 0.045E-03  
 0.049E-03  
 0.054E-03  
 0.062E-03  
 0.068E-03  
 0.077E-03  
 0.086E-03  
 0.102E-03  
 0.11E-03   
 0.113E-03  
 0.125E-03  
 0.135E-03  
 0.14E-03   
 0.16E-03   
 0.175E-03  
 0.185E-03  
 0.195E-03  
 0.23E-03   
 0.29E-03   
 0.32E-03   
 0.35E-03   
 0.385E-03  
 0.44E-03   
 0.46E-03   
 0.53E-03   
 0.65E-03   
 0.75E-03   
 0.85E-03   
 0.95E-03   
 1.12E-03   
 1.35E-03   
 1.63E-03   
 1.9E-03    
 2.4E-03    
 3.1E-03    
 4.2E-03    
 5.7E-03    
 8.5E-03    
 12.5E-03   
 17.5E-03   
 25E-03     
 30E-03     
 46E-03     
 55E-03  
 70E-03  
 90E-03  
 125E-03 
 175E-03
 500E-03
 1000E-03
 2000E-03
 3000E-03
 4000E-03
 5000E-03

