    0.0       
  562.93      
 1108.44      
 1410.08      
 1539.46      
 1911.07      
 2019.87      
 2204.9       
 2284.22      
 2456         
 2478.2       
 2503.6       
 2554         
 2591.10      
 2624         
 2654.51      
 2692.40      
 2733.4       
 2747.76      
 2768.76      
 2841.57      
 2897.7       
 2919.79      
 2921         
 2962.2       
 2994         
 3007.8       
 3041.0       
 3052.5       
 3071         
 3090         
 3131.8       
 3141.51      
 3166         
 3182.21      
 3195         
 3224         
 3231.8       
 3268         
 3312.33      
 3317         
 3322.85      
 3334.7       
 3349         
 3391         
 3409.19      
 3420.4       
 3439         
 3453         
 3477.65      
 3484.1       
 3506         
 3533         
 3545         
 3585         
 3606         
 3632.75      
 3640         
 3658         
 3691         
 3721         
 3748         
 3788         
 3805         
 3815         
 3848         
 3868         
 3883         
 3887.05      
 3951.89      
 3972         
 3997         
 4026         
 4056         
 4073         
 4099         
 4122.3       
 4153         
 4192.85      
 4209         
 4239.40      
 4249         
 4272         
 4326.5       
 4363.5       
 4399         
 4426         
 4444         
 4476.5       
 4488         
 4536         
 4570         
 4611         
 4659         
 4698         
 4719.9       
 4736         
 4767         
 4784.1       
 4812.5       
 4814.8       
 4839         
 4868         
 4939         
 5122.48      
 5276         
 5522.6       
 5663.37      
 5749.9       
 5883.0       
 6021.1       
 6065.2       
