0.0      
14.4129  
136.4743 
366.759  
706.416  
1007.13  
1139.9   
1197.81  
1265.52  
1356.83  
1627.256 
1725.38  
1976.63  
1989.66  
1991     
2113.11  
2118.6   
2206.88  
2217.66  
2220.2   
2330.41  
2355.96  
2358     
2455.55  
2456     
2505.29  
2564.22  
2574.5   
2593.6   
2599.4   
2697.17  
2758.30  
2821.07  
2835.89  
2855.0   
2878.7   
2904.28  
2921.20  
2970.89  
2987.95  
3059.1   
3098.95  
3110     
3122.76  
3134.8   
3182.77  
3205.6   
3239.89  
3269.26  
3284     
3301.77  
3322.48  
3336.59  
3340.33  
3345     
3371.11  
3427.68  
3452     
3473     
3513.8   
3535     
3535.92  
3548     
3561.34  
3608     
3608.51  
3661     
3752     
3784     
3791.59  
3827     
3862.42  
3881     
3902     
3926.0   
3936.1   
3981.18  
4042.60  
4081     
4093     
4136.62  
4138.57  
4144.3   
4209.59  
4239     
4316     
4363     
4378.68  
4379.44  
4432.4   
4459.70  
4492     
4525     
4525.54  
4544     
4572.8   
4597.4   
4652     
4680     
4691.75  
4719     
4753     
4771     
4823.9   
4902     
4922.9   
4970     
4976     
5019     
5064     
5085     
5099     
5115     
5140.25  
5178.44  
5195     
5221.6   
5238.7   
5250     
5271     
5289     
5334     
5362.1   
5404     
5422     
5445     
5472     
5500     
5512     
5525     
5545     
5564     
5590     
5623     
5641     
5675     
5688     
5721     
5737     
5769     
5802     
5825     
5844     
5864     
5900     
5918     
5936     
5956     
5983     
6025     
6044     
6083     
6103     
6130     
6148     
6171     
6187.1   
6194     
6212     
6230     
6252     
6270     
6305     
6323     
6340     
6370     
6408     
6427     
6496     
6512     
6542     
6571     
6589     
6640     
6672     
6703     
6725     
7646.7   
8323.0   
